Initial condition file for Si3D model  - 
Data from Clear Lake database          - 
Simulations starting on Aug 23,21 h    - 
Depths (m)   Temp (oC)                 - 
Source: TERC project                   - 
---------------------------------------- 
     -0.25    26.9688     0.0000     6.9688     0.0000     0.0000 
     -0.25    26.9688     0.0000     6.9688     0.0000     0.0000 
     -0.75    26.9062     0.0000     6.9062     0.0000     0.0000 
     -1.25    26.8438     0.0000     6.8438     0.0000     0.0000 
     -1.75    26.7812     0.0000     6.7812     0.0000     0.0000 
     -2.25    26.7188     0.0000     6.7188     0.0000     0.0000 
     -2.75    26.6562     0.0000     6.6562     0.0000     0.0000 
     -3.25    26.5938     0.0000     6.5938     0.0000     0.0000 
     -3.75    26.5312     0.0000     6.5312     0.0000     0.0000 
     -4.25    26.4688     0.0000     6.4688     0.0000     0.0000 
     -4.75    26.4062     0.0000     6.4062     0.0000     0.0000 
     -5.25    26.3438     0.0000     6.3438     0.0000     0.0000 
     -5.75    26.2812     0.0000     6.2812     0.0000     0.0000 
     -6.25    26.2188     0.0000     6.2188     0.0000     0.0000 
     -6.75    26.1562     0.0000     6.1562     0.0000     0.0000 
     -7.25    26.0938     0.0000     6.0938     0.0000     0.0000 
     -7.75    26.0312     0.0000     6.0312     0.0000     0.0000 
     -8.25    25.2500     0.0000     5.5000     0.0000     0.0000 
     -8.75    23.7500     0.0000     4.5000     0.0000     0.0000 
     -9.25    22.2500     0.0000     3.5000     0.0000     0.0000 
     -9.75    20.7500     0.0000     2.5000     0.0000     0.0000 
    -10.25    19.9688     0.0000     1.9688     0.0000     0.0000 
    -10.75    19.9062     0.0000     1.9062     0.0000     0.0000 
    -11.25    19.8438     0.0000     1.8438     0.0000     0.0000 
    -11.75    19.7812     0.0000     1.7812     0.0000     0.0000 
    -12.25    19.7188     0.0000     1.7188     0.0000     0.0000 
    -12.75    19.6562     0.0000     1.6562     0.0000     0.0000 
    -13.25    19.5938     0.0000     1.5938     0.0000     0.0000 
    -13.75    19.5312     0.0000     1.5312     0.0000     0.0000 
    -14.25    19.4688     0.0000     1.4688     0.0000     0.0000 
    -14.75    19.4062     0.0000     1.4062     0.0000     0.0000 
    -15.25    19.3438     0.0000     1.3438     0.0000     0.0000 
    -15.75    19.2812     0.0000     1.2812     0.0000     0.0000 
    -16.25    19.2188     0.0000     1.2188     0.0000     0.0000 
    -16.75    19.1562     0.0000     1.1562     0.0000     0.0000 
    -17.25    19.0938     0.0000     1.0938     0.0000     0.0000 
    -17.25    19.0938     0.0000     1.0938     0.0000     0.0000 